69 27 84
67 65 18
87 25 80
68 18 92
13 12 81
68 34 43
99 37 63
88 66 23
92 31 69
57 36 97
65 19 52
84 42 11
69 8 50
89 57 80
72 32 55
47 22 3
81 52 20
83 10 46
75 68 6
83 36 88
82 46 44
18 2 43
67 56 40
95 22 58
79 25 6
100 50 62
91 23 78
83 68 86
86 64 97
69 34 42
53 42 92
53 53 28
76 27 39
98 9 39
87 36 98
89 84 78
85 44 94
74 7 4
72 53 29
98 79 58
67 64 48
94 9 93
61 26 58
74 30 37
85 83 54
46 11 41
38 7 13
59 7 72
94 32 3
93 33 99
59 29 27
99 75 57
84 50 92
91 87 90
60 24 26
90 81 48
73 68 92
62 49 56
44 3 38
84 50 68
31 4 76
36 3 11
60 32 34
78 56 10
83 48 41
100 94 31
99 90 68
69 13 67
83 16 5
70 59 43
62 18 63
75 44 87
86 75 35
85 20 68
88 81 3
96 82 53
95 4 10
91 34 9
59 34 67
37 3 70
85 42 6
40 39 12
99 88 58
60 11 95
95 28 8
47 41 62
75 23 43
17 7 54
70 63 12
85 31 5
49 48 100
84 53 58
73 13 89
69 48 12
23 2 46
36 13 35
36 9 60
98 75 53
32 28 92
98 28 17
