169 27 184
167 165 18
187 125 80
118 68 92
113 112 181
134 68 143
199 37 163
88 66 123
192 131 69
136 57 97
65 19 52
84 42 111
108 69 150
189 57 180
72 32 155
147 122 103
181 52 120
183 110 146
175 168 6
83 36 188
182 146 144
102 18 143
67 56 40
195 22 58
79 25 6
200 150 62
191 123 78
183 68 186
86 64 197
134 69 42
142 53 192
153 153 28
176 127 39
198 109 39
87 36 98
89 84 178
185 44 194
107 74 104
172 53 29
198 179 158
67 64 148
194 109 193
61 26 158
130 74 37
183 85 54
146 11 141
38 7 113
59 7 172
194 132 103
193 33 99
159 29 27
199 75 57
184 150 192
91 87 90
160 24 26
190 81 148
173 168 192
162 149 156
144 3 138
184 150 68
131 104 76
136 103 111
132 60 134
156 78 110
148 83 141
194 100 31
99 90 168
69 13 167
116 83 5
170 159 143
62 18 63
175 144 187
175 86 135
185 20 168
188 81 3
196 82 53
195 4 10
191 34 9
59 34 167
37 3 70
142 85 106
40 39 12
199 88 58
111 60 195
195 28 108
141 47 162
175 123 43
17 7 54
70 63 12
85 31 5
49 48 200
184 153 158
73 13 189
69 48 12
102 23 146
36 13 35
136 109 60
198 75 53
132 28 192
198 28 17
177 46 121
139 86 115
173 138 93
199 37 197
194 164 180
169 80 103
106 12 168
39 21 45
136 19 24
154 55 171
125 75 200
85 67 105
185 107 94
64 14 138
128 68 129
172 142 71
142 12 192
162 34 116
49 24 6
159 124 164
177 175 96
135 132 190
191 126 27
166 142 198
102 23 101
95 60 55
61 51 135
197 38 102
50 46 130
6 1 109
190 78 4
121 105 59
91 28 52
130 41 46
105 55 36
159 49 161
110 80 133
94 15 180
150 106 113
118 47 167
166 57 49
149 17 72
68 10 168
126 41 24
199 191 53
189 98 136
126 113 90
125 34 1
98 6 167
183 139 28
99 50 87
127 74 9
50 38 23
175 95 146
116 36 129
178 44 159
188 84 152
70 58 98
95 44 50
157 101 156
159 107 10
153 90 164
92 34 106
178 52 112
124 9 23
179 84 13
112 66 167
193 2 58
119 86 48
180 45 82
145 20 66
200 19 113
10 10 100
134 97 52
115 12 76
91 85 87
140 60 141
145 56 50
148 49 19
162 64 22
173 11 55
86 80 5
137 54 179
197 54 162
69 37 165
25 4 93
50 38 172
171 78 52
31 27 169
131 91 194
190 159 181
141 114 96
137 96 64
178 27 44
63 43 12
89 49 62
129 33 33
140 10 28
81 44 35
198 40 85
